Indeks
1
2
3
4
5
1
2
3
4
Suma
Procent
1
2
3
4
5
6
7
8
9
146586
5
5
5
1
16
35,56%
2
2
2
2
179834
3
0
0
0
0
3
6,67%
2
2
2
2
2
200941
2,5
4
5
4,5
5
21
46,67%
2
2
2
2
2
212751
3
5
5
2
15
33,33%
2
2
2
2
214346
2,5
5
5
3,75
5
21,25
47,22%
2
2
2
2
2
215534
0
0
0
0
0
0
0,00%
2
2
2
2
2
216812
0
0
0
0
5
5
11,11%
2
2
2
2
2
227700
2,5
5
5
3,75
5
21,25
47,22%
2
2
2
2
2
230434
4
5
5
3,75
5
22,75
50,56%
2
2
2
2
3
237367
3
5
5
3
5
21
46,67%
2
2
2
2
2
238145
0
0
0
0
0
0
0,00%
2
2
2
2
2
238160
0
0
0
0
0
0
0,00%
2
2
2
2
2
238163
0
0
0
0
0
0
0,00%
2
2
2
2
238202
0
0
0
0
0
0
0,00%
2
2
2
2
2
238209
0
0
0
0
0
0
0,00%
2
2
2
2
2
238226
0
0
0
0
0
0
0,00%
2
2
2
2
2
243983
0
0
0
0
0
0
0,00%
2
2
2
2
2
246579
0
0
0
0
0
0
0,00%
2
2
2
2
2
246631
0
1
5
0
6
13,33%
2
2
2
2
246637
2
0
0
0
0
2
4,44%
2
2
2
2
2
246656
0
0
0
0
0
0
0,00%
2
2
2
2
2
246659
0
0
0
0
0
0
0,00%
2
2
2
2
2
246675
2,5
5
4,5
0
5
17
37,78%
2
2
2
2
2
246760
0
0
0
0
0
0
0,00%
2
2
2
2
2
246842
0
0
0
0
0
0
0,00%
2
2
2
2
247439
0
0
0
0
0
0
0,00%
2
2
2
2
2
248734
0
0
0
0
0
0
0,00%
2
2
2
2
249807
3
5
4
2
14
31,11%
2
2
2
2
252513
4
3
5
0
12
26,67%
2
2
2
2
255166
5
0
5
3,75
5
18,75
41,67%
2
2
2
2
2
255168
2
5
5
3
15
33,33%
2
2
2
2
255171
3
5
4
4
16
35,56%
2
2
2
2
255174
3
0
0
0
0
3
6,67%
2
2
2
2
255178
2,75
3,5
5
3,75
5
20
44,44%
2
2
2
2
2
255179
2,75
5
5
4,75
5
22,5
50,00%
2
2
2
2
3
255185
3
5
5
5
18
40,00%
2
2
2
2
255186
2
5
5
2
14
31,11%
2
2
2
2
255192
4
4
4
5
17
37,78%
2
2
2
2
255194
1,25
0
2,5
2
5
10,75
23,89%
2
2
2
2
2
255195
3
5
5
4
17
37,78%
2
2
2
2
255198
3
5
5
1
14
31,11%
2
2
2
2
255201
0
2,5
4,5
1,5
5
13,5
30,00%
2
2
2
2
2
255202
1,5
2,5
5
3
5
17
37,78%
2
2
2
2
2
255204
0
5
5
5
5
20
44,44%
2
2
2
2
2
255207
1,5
5
5
3,75
5
20,25
45,00%
2
2
2
2
2
255209
0
0
0
0
0
0
0,00%
2
2
2
2
2
255211
3
0
0
4
7
15,56%
2
2
2
2
255212
2,75
5
4,5
0
5
17,25
38,33%
2
2
2
2
2
255214
1
5
5
4
15
33,33%
2
2
2
2
255221
1
5
5
3
14
31,11%
2
2
2
2
255222
2,75
0
0
0
5
7,75
17,22%
2
2
2
2
2
257189
5
5
5
5
5
25
55,56%
2
2
2
2
3
257544
4
3,5
5
4
5
21,5
47,78%
2
2
2
2
2
258186
3
5
5
5
18
40,00%
2
2
2
2
258196
4
5
5
3,75
5
22,75
50,56%
2
2
2
2
3
258200
3,5
5
5
5
5
23,5
52,22%
2
2
2
2
3
Oceny
Strona 
2
258207
1,5
0
0
0
0
1,5
3,33%
2
2
2
2
2
258210
4,75
5
5
4,5
5
24,25
53,89%
2
2
2
2
3
258211
1
2
2
4
9
20,00%
2
2
2
2
258212
5
5
5
2
17
37,78%
2
2
2
2
258214
5
0
0
0
5
11,11%
2
2
2
2
259833
0
5
2
4
11
24,44%
2
2
2
2
259997
0
0
0
0
0
0
0,00%
2
2
2
2
2
260554
0
0
0
0
0
0
0,00%
2
2
2
2
2
260839
3
5
4
1,5
0
13,5
30,00%
2
2
2
2
2
260858
1,5
5
5
3,75
5
20,25
45,00%
2
2
2
2
2
260869
1,75
5
4,5
3,75
5
20
44,44%
2
2
2
2
2
260938
4
5
5
5
5
24
53,33%
2
2
2
2
3
261022
4
5
5
0
14
31,11%
2
2
2
2
264257
0
0
0
0
0
0
0,00%
2
2
2
2
2
264905
5
2
5
3,75
5
20,75
46,11%
2
2
2
2
2
265103
0
5
5
5
5
20
44,44%
2
2
2
2
2
269131
0
0
0
0
0
0
0,00%
2
2
2
2
2
269134
0
0
0
0
0
0
0,00%
2
2
2
2
2
269136
2,75
5
4,5
2
5
19,25
42,78%
2
2
2
2
2
269140
2,75
4,5
5
3,5
0
15,75
35,00%
2
2
2
2
2
269141
0
5
4
5
5
19
42,22%
2
2
2
2
2
269143
2,25
2
5
0
0
9,25
20,56%
2
2
2
2
2
269145
3,25
5
3,5
2,5
5
19,25
42,78%
2
2
2
2
2
269147
4,5
3
0
4,75
5
17,25
38,33%
2
2
2
2
2
269148
4
5
5
4,5
5
23,5
52,22%
2
2
2
2
3
269150
0,25
0
0
0
0
0,25
0,56%
2
2
2
2
2
269152
0
0
0
0
0
0
0,00%
2
2
2
2
2
269154
0,5
0
0
0
0
0,5
1,11%
2
2
2
2
2
269158
3
0
0
0
0
3
6,67%
2
2
2
2
2
269164
5
5
5
5
5
25
55,56%
2
2
2
2
3
269168
0
0
0
0
0
0
0,00%
2
2
2
2
2
269170
0
0
0
0
0
0
0,00%
2
2
2
2
2
269171
0
0
0
0
0
0
0,00%
2
2
2
2
2
269173
2,75
5
5
5
5
22,75
50,56%
2
2
2
2
3
269176
0
0
0
0
0
0
0,00%
2
2
2
2
2
269177
2
3,5
4,75
2
5
17,25
38,33%
2
2
2
2
2
269178
3,5
5
5
3,25
5
21,75
48,33%
2
2
2
2
2
269181
0
0
0
0
0
0
0,00%
2
2
2
2
2
269183
4
5
5
5
5
24
53,33%
2
2
2
2
3
269184
3
0
0
0
0
3
6,67%
2
2
2
2
2
269185
3
5
5
3
5
21
46,67%
2
2
2
2
2
269187
0
5
3
2
5
15
33,33%
2
2
2
2
2
269192
3,75
5
5
3,75
5
22,5
50,00%
2
2
2
2
3
269198
2,5
5
4
3,75
5
20,25
45,00%
2
2
2
2
2
269199
1,5
5
5
5
5
21,5
47,78%
2
2
2
2
2
269204
0
5
5
5
5
20
44,44%
2
2
2
2
2
269206
0
0
0
0
0
0
0,00%
2
2
2
2
2
269213
0
3,5
4,5
0
3
11
24,44%
2
2
2
2
2
269214
0
0
0
0
0
0
0,00%
2
2
2
2
2
271299
3
5
5
3,75
5
21,75
48,33%
2
2
2
2
2
271300
2,75
5
5
4,5
5
22,25
49,44%
2
2
2
2
2
271301
4,75
5
0
4,5
5
19,25
42,78%
2
2
2
2
2
